"","CACCGGCAGCTCTAGTGGTAGCAGTTTTTATTGGGCCTAAAGCGTCCGTAGCCGGTTTAATAAGTCTCTGGTGAAATCCTGCAGCTTAAC","TACCTGCAGCCCAAGTGGTGGTCGATTTTATTGAGTCTAAAACGTTCGTAGCCGGTCTGGTAAATCCTTGGGTAAATCGGGAAGCTTAAC","TACCGGCAGCTCGAGTGATAGCCACTATTATTGGGCCTAAAGCGTCCGTAGCCGGCCGAACAGGTCCGTCGGGAAATCCACCTGCTCAAC","AACCAGCACCTCAAGTGGTCAGGATGATTATTGGGCCTAAAGCATCCGTAGCTCGTTTTGTAAGTTTTCGGTTAAATCCATGCGCTTAAC","TACCAGCACCCCGAGTGGTCGGGACGATTATTGGGCCTAAAGCATCCGTAGCCGGTTCTGCAAGTCTTCCGTTAAATCCACCTGCTCAAC","TACGTAGGTCTCGAGCGTTATCCGGAATTACTGGGCGTAAAGCGTCTGTAGCCGGATGTATAAGTCTGTCTTTAAATACTCCGATTCAAT","TACGTATGTCTCGAGCGTTATCCGGAATTACTGGGTGTAAAGAGTTCGTAGGCGGCGAATTAAGTTAGGTATGAAAGACCGGAGCTCAAC","TACGAGGGCTCCAAGCGTTATCCGGATTTATTGGGCGTAAAGAGTGCGTAGGAGGATTTTTAAGTTTGATGTTAAATTTCGGGGCTTAAC","TACGTAGGATCCGAGCGTTATCCGGAGTGACTGGGCGTAAAGAGTTGCGTAGGTGGTTCAATAAGCGAATAGTGAAAGCTGGTGGCTCAA","TACGTAGGGTGCAAGCATTATCCGGAGTGACTGGGCGTAAAGAGTTGCGTAGGCGGTTTAATAAGTGAATAGTGAAACCTGGTGGCTCAA","TACGTAGGTCCCGAGCGTTATCCGGAGTGACTGGGCGTAAAGAGTTGCGTAGGCGGTCAAGTTAGCGAGCGATGAAAACTATCGGCTCAA","TACGGAGGGTGCAAGCGTTACTCGGAATCACTGGGCGTAAAGGGCGCGTAGGCGGATTATCAAGTCTCTTGTGAAATCTAATGGCTTAAC","TACGTAGGGTCCAAGCGTTATTCGGAATTACTGGGCGTAAAGCGTACGTAGGCGGCTTGATAAGTTGGATGTGAAATCCTGTGGCTCAAC","GACGTAGGTGGCAAGCGTTACTCGGAATTACTAGGCGTAAAGCGCGCGTAGGCGGAATGTTAAGTCTGTTGTGTAATCTCTGGGCTCAAC","TACGAAGGGTGCAAGCGTTACTCGGAATTACTGGGCGTAAAGCGTGCGTAGGTGGTCGTTTAAGTCCGTTGTGAAAGCCCTGGGCTCAAC","TACGTAGGGTGCGAGCGTTAATCGGATTTACTGGGCGTAAAGCGTGCGCAGGCGGCCCGTTAAGACAGGTGTGAAATCCCTGGGCTCAAC","TACGTAGGGTGCAGGCGTTAATCGGAATTACTGGGCGTAAAGCGTGCGCAGGCGGTTTGTTAAGGCAGGTGTGAAATCCCCGGGCTTAAC","TACGTAGGGTGCGAGCGTTAATCGGAATTACTGGGCGTAAAGCGTGCGCAGGCGGTTCGCCAAGTCAGGTGTGAAATCCCCGGGCTTAAC","TACGTAGGGTGCGAGCGTTAATCGGAATTACTGGGCGTAAAGCGAGCGCAGACGGTTACTTAAGCAGGATGTGAAATCCCCGGGCTCAAC","TACGTAGGGTCCAAGCGTTAATCGGAATTACTGGGCGTAAAGCGTGCGCAGGCGGTTGTGCAAGACCGATGTGAAATCCCCGAGCTTAAC","TACGTAGGGTGCGAGCGTTAATCGGAATTACTGGGCGTAAAGCGTGCGCAGGCGGATTGTTAAGCAAGACGTGAAATCCCCGGGCTTAAC","TACGTAGGGTGCGAGCGTTAATCGGAATTACTGGGCGTAAAGCGTGCGCAGGCGGTTTGGTAAGTCAGATGTGAAATCCCCGAGCTCAAC","TACGAAAGGTCCAAGCGTTACTCGGAATCACTGGGCGTAAAGCGCGCGTAGGCGGTCTTATATGTCGATTGTGAAAGCCCCAGGCTCAAC","TACGGAGGGTGCGAGCGTTAATCGGAATTACTGGGCGTAAAGCGCGCGTAGGTGGCTTGATAAGCCGGTTGTGAAAGCCCCGGGCTCAAC","TACGGAGGGTGCAAGCGTTAATCGGAATTACTGGGCGTAAAGCGTACGTAGGCGGCGTGTTAAGCAAGATGTGAAAGCCCCGGGCTCAAC","TACGGAGGGTGCGAGCGTTAATCGGAATAACTGGGCGTAAAGGGCACGCAGGCGGTGACTTAAGTGAGGTGTGAAAGCCCCGGGCTTAAC","TACGGAGGGTGCAAGCGTTAATCGGAATTACTGGGCGTAAAGCGCACGCAGGCGGTTTGTTAAGTCAGATGTGAAATCCCCGGGCTCAAC","TACGGAGGGTGCAAGCGTTAATCGGAATAACTGGGCGTAAAGGGCATGCAGGCGGTTCATCAAGTAGGATGTGAAATCCCCGGGCTCAAC","TACGGGGGGTCCAAGCGTTATTCGGAATCATTGGGTGTAAAGCGCATGCAGGCGGTTGGGTGTGTCAGATGTGAAAGCCCGGGGCTTAAC","TACGGAGGGTGCGAGCGTTAATCGGAATTACTGGGCGTAAAGCGCATGCAGGTGGTTTGTTAAGTCAGATGTGAAAGCCCGGGGCTCAAC","TACAGAGGGTGCAAGCGTTAATCGGAATTACTGGGCGTAAAGCGAGCGTAGGTGGCTTGATAAGTCAGATGTGAAAGCCCCGGGCTTAAC","TACGGAGGGTGCGAGCGTTATTCGGAATTACTGGGCGTAAAGCGCACGCAGGCGGTTGCCCAAGTCAGATGTGAAAGCCCCGGGCTTAAC","TACGGAGGGTGCAAGCATTAATCGGATTTATTGGGCGTAAAGGGCGCGTAGGCTGCTCGAAAAGTCGCATGTGAAATCCCGGAGCTCAAC","TACGGAGGGTGCGAGCGTTAATCGGAATTACTGGGCGTAAAGGGTGCGTAGGTTGTTATGTAAGTTAGTTGTGAAATTCCTGGGCTTAAC","TACAGAGGGTGCGAGCGTTAATCGGAGTGACTGGGCGTAAAGGGCGCGTAGGCGGTTTATTTAGTCTGATGTGAAATAACTAGGCTTAAC","TACGTAGGGGGCAAGCGTTGTTCGGAATTACTGGGCGTAAAGGGCGCGTAGGCGGCACGGCAAGTCGGGAGTGAAAGCCCGGGGCTCAAC","TACGAAGGGGGCTAGCGTTGCTCGGAATTACTGGGCGTAAAGGGCGCGTAGGCGGTTGTGACAGTCAGATGTGAAATTCCTGGGCTTAAC","GACGGGGGGGGCAAGTGTTCTTCGGAATGACTAGGCGTAAAGGGCACGTAGGCGGTGAATCGGGTTGAAAGTGAAAGTCGCCAAAAAGTG","TACGAATGTGGCGAGCGTTGTTCGGAATCACTGGGCGTAAAGAGTACGTAGGCGGCTTGATAAGTCAGGAGTGAAATCCCCAGGCTCAAC","TACGGAGGGAGCTAGCGTTATTCGGAATTACTGGGCGTAAAGCGCACGTAGGCGGCTTTGTAAGTTAGAGGTGAAAGCCTGGAGCTCAAC","TACGAAGGGGGCAAGCGTTGTTCGGAATTACTGGGCGTAAAGGGAGTGTAGGCGGTTATGTAAGATAGTGGTGAAATCCCAGAGCTTAAC","TACGAAGGGGGCTAGCGTTGTTCGGAATTACTGGGCGTAAAGCGCGCGCAGGCGGTTCGATAAGTTAGGGGTGAAATCCCCGGGCTCAAC","TACGAAGGGGGCTAGCGTTGCTCGGAATCACTGGGCGTAAAGGGTGCGTAGGCGGGTCTTTAAGTCAGGGGTGAAATCCTGGAGCTCAAC","TACGAAGGGGGCTAGCGTTGCTCGGAATTACTGGGCGTAAAGGGCGCGTAGGCGGACAGTTAAGTTGGGGGTGAAAGCCCGGGGCTCAAC","TACGGAGGGGGCTAGCGTTGTTCGGAATTACTGGGCGTAAAGCGCACGTAGGCGGACCAGAAAGTTGGGGGTGAAATCCCGGGGCTCAAC","TACGAGGGGTGCAAGCGTTGCTCGGAATCATTGGGCGTAAAGGGCAGGTAGGTGGTCTTATTTGTCTGGGGTGAAAGCCTTGAGCTTAAC","TACAGAGGGTGCAAGCGTTGTTCGGAATTACTGGGCGTAAAGCGTGCGTAGTCGGTATTGAGAGTCACGGGTGAAATCCCAGGGCTTAAC","TACGAAGGGTGCAAGCGTTGTTCGGAATCATTGGGCGTAAAGCGCGCGCAGGCGGATCAGCAAGTCAGATGTGAAATCTCGGAGCTCAAC","TACGGAGGGCGCGAGCGTTACCCGGATTTACTGGGCGTAAAGGGCGTGTAGGCGGCCTGGGGCGTCCCATGTGAAAGGCCACGGCTCAAC","TACGGAGGGTGCAAGCGTTACCCGGAATCACTGGGCGTAAAGGGCGTGTAGGCGGACACTTAAGTCTGGTTTTAAAGACCGGGGCTCAAC","TACGAGGGGTGCGAGCGTTATTCGGAATTATTGGGCGTACAGGGCGCGTAGACGGCATGTTAAGTCAACTGTTAAATTCCCCGGCCTAAC","TACGGAAGGTGCAAGCGTTATCCGGTTTTATTGGGTTTAAAGGGTGCGTAGGCGGCTTATTAAGTCAGTTGTGAAATCCTAGTGCTTAAC","TACGGAGGGTGCAAGCGTTATCCGGATTCACTGGGTTTAAAGGGTGCGTAGGCGGGCGTATAAGTCAGTGGTGAAATCCTGGAGCTTAAC","TACGGAGGATCCGAGCGTTATCCGGATTTATTGGGTTTAAAGGGAGCGTAGATGGATGTTTAAGTCAGTTGTGAAAGTTTGCGGCTCAAC","TACGGAGGATGCAAGCGTTATCCGGAATTATTGGGTTTAAAGGGTCCGCAGGCGGACAGGTAAGTCAGTAGTGAAATCCCGGGGCTCAAC","TACGGAGGATCCAAGCGTTATCCGGATTTATTGGGTTTAAAGGGTGCGTAGGCGGCCTGTTAAGTCAGGGGTGAAAGACGGTAGCTCAAC","TACGTAGGGCGCAAGCGTTGTCCGGATTCACTGGGTGTAAAGGGTGCGCAGGCGGGAAAGTAAGTTAGAGGTGAAATCTCACAGCTTAAC","TACAGAGGGTGCGAGCGTTGTCCGGAATTACTGGGCGTAAAGGGCGCGTAGGCGGTCCTGGAACGCGTGCCGTGAAAGCCCGGGGCTCAA","TACAGAGGGTGCGAGCGTTGTTCGGAATTACTGGGCGTAAAGCGCGCGCAGGCGGCTCTTTAAGTCTGTCGGTCAAACGCCGGGGCTCAA","GACGGAGGTGGCAAGCGTTGCTCGGATTCACTGGGTGTAAAGGGCAAGTAGGCGGCCTGGTAAGTCGGGTGTGAAAGCCCACGGCTCAAC","TACAGAGGTCTCTAGCGTTGTTCGGATTTACTGGGCGTAAAGGGAGCGTAGGCGGTCCGGTGTGTTGAATGTGAAATCCCACAACTCAAC","GACGGAGGGGGCAAGCGTTGTTCGGAATCATTGGGCGTAAAGGGCTCGTAGGCGGACTAGCAAGTCTGGCGTGAAATCTCCACCGCTCAC","CACGTAAGGGGCGAGCGTTGTTCGGAATTATTGGGCGTAAAGGGTATGTAGGCGGTTAGGTAAGCCTGGTGTGAAATCTACGAGCTCAAC","TACGGAGGGTGCAAGCGTTAATCGGAATCACTGGGCGTAAAGCGCACGTAGGCTGTTATGTAAGTCAGGGGTGAAATCCCACGGCTCAAC","TACGAAGGTGGCAAGCGTTGTTCGGATTCACTGGGCGTACAGGGTGTGTAGGCGGTTTGGTAAGCCTTCTGTTAAAGCTTCGGGCCCAAC","TACGTAGGGACCAAGCGTTGTTCGGATTTACTGGGCGTAAAGGGCGCGTAGGCGGCATGACAAGTCACTTGTGAAATCTCCGGGCTTAAC","TACGGGGGGGGCAAGCGTTGTTCGGAATTACTGGGCGTAAAGCGCGTGTAGGCGGCTCTTCAAGTCAGACGTGAAAGCCTCAGGCTCAAC","TACGTAGGCAGCGAGCGTTGTTCGGAGTTACTGGGCGTAAAGAGTGCGTAGGCGGTTTTCTAAGTCTGGTGTGAAATCTCCCGGCTCAAC","TACAGAGGGGGCAAGCGTTGTTCGGAATTACTGGGCGTAAAGGGCGCGTAGGCGGCCTGTTAAGTCGGACGTGAAATCCCTCGGCTCAAC","GACGTAGGGAGCGAGCGTTGTCCGGATTCATTGGGCGTAAAGCGCGCGTAGGCGGCCGTGCAAGTCGGTTGTGAAAGCCCGGGGCTCAAC","CACGTAGGGGGCAAGCGTTGTCCGGATTTATTGGGCGTAAAGAGCTCGTAGGTGGCTAAGTAAGTCGGATGTTAAATCCCCAGGCTCAAC","TACGTAGGGTGCAAGCGTTATCCGGAATTATTGGGCGTAAAGGGCTCGTAGGCGGTTCGTCGCGTCCGGTGTGAAAGTCCATCGCTTAAC","TACGTAGGGCGCGAGCGTTGTCCGGAATTATTGGGCGTAAAGGGCTTGTAGGCGGTTGGTCGCGTCTGCCGTGAAATCCTCTGGCTTAAC","TACGTAGGGGGCGAGCGTTGTCCGGAATTATTGGGCGTAAAGGGCGCGTAGGCGGCCTGGTAAGTCTGCTGTGAAACCTTGGGGCTCAAC","TACGTAGGGGGCAAGCGTTGTCCGGATTTACTGGGCGTAAAGCGCGTGTAGGCGGCCACACAGGTCCGTTGTGAAAACTGGAGGCTCAAC","TACGTAGGGGGCAAGCGTTGTCCGGAATCATTGGGCGTAAAGCGCGTGTAGGCGGCTCAGTAAGTCCGTTCTGAAAGTCCAGGGCTCAAC","TACGTAAGGGGCAAGCGTTGTCCGGAATCACTGGGCGTAAAGCGCACGTAGGCGGTTTAGCAAGTCAGGGGTGCAAGCTCTAGGCTTAAC","TACGTAGGGGGCGAGCGTTGTCCGAAGTTACTGGGCGTAAAGCGCGCGTAGGCGGCTTCTTAAGTCTAGGGTGAAAGGTTCAGCGCTCAA","GACGTAGGGAGCAAGCGTTGTCCGGATTTACTGGGCGTAAAGAGCGCGTAGGCGGTCTGTTAAGTGTAGAGTGAAATCTCCTGGGCTCAA","GACGAACCGTACAAACGTTACTCGGAATTACTGGGCTTAAAGGGTGCGTAGGCTGCGCGGAAAGTTGGGTGTGAAAGCCCTCAGCTCAAC","TACGTACTGCGCGAACGTTATTCGGAATCACTGGGCTTAAAGGGTGCGCAGGCGGCTTGTCAAGCCCGTGGTGAAAGGTCCCGGCCTAAC","GACGAACCGTGCGAACGTTATTCGGAATCACTGGGCTTAAAGGGCGCGTAGGCGGGCCGCCAAGTCCGGGGTGAAATCCTCCAGCTCAAC","TACAGAGGACCCGAGCGTTAATCGGAATCACTGGGCTTAAAGGGTGCGTAGGCGGACCCGAAGGTGCATCGTGAAATCCCCCGGCTCAAC","TACAGAGGTGCCAAGCGTTAGGCGGAATCACTGGGCTTAAAGCGCGTGTAGGCGGGTCGTTAAGTGTCTTGTGAAATCCCACGGCTCAAC","TACAGAGGTGTCAAGCGTTGCTCGGTATCACTGGGCTTAAAGGGCGCGTAGGCTGTGCGGTACGGTTCGGGTGAAATCCCTCGGCTCAAC","AACGTAGGAGACGAGCGTTATCCGGATTTACTGGGCGTAAAGAGCGTGTAGGAGGCGAAACAAGACGGATGTGAAAGCTCCCGGCTTAAC","AACGTAGGTACCAAGCGTTATCCGGATTCACTGGGCGTAAAGCGCGTGCAGGTGGTTGGGTTAGTCGGGCATGAAAACTCTTGGCTTAAC","TACGTAGGTGGCGAACGTTATCCGGAGTTACTGGGCGTAAAGGGTCCGCAGGCGGGCCTGCAAGTCTGACGTGAAACCTCCTGGCTCAAC","TACGTAGGTGACAAGCGTTATCCGGAATTATTGGGCGTAAAGCGCACGCAAGCGGTTGGACAAGTCCGGCGTGAAATCTCCCAGCTTAAC","AACGTAGGAGACGAGCGTTATCCGGAGTTACTGGGCGTAAAGGGCGTGCAGGCGGTTGGTTAAGTCAGATGTGAAAGGTCCCGGCTAAAC","TACGTAGGGGCCAAGCGTTATCCGGATTTACTGGGCGTAAAGCGCATGTAGGCGGTCTACTAAGTCGGACGTGAAAGCTCCTGGCTCAAC","GACAGAGGGGGCAAGCGTTGTCCGGAATTACTGGGCGTAAAGCGCACGCAGGTGGCACGGCAAGTGTGGTGTGACAATTCACGGCTCAAC","TACAGAGGGGGCAAGCGTTGTCCGGATTTACTGGGCGTACAGCGCGCGCAGGCGGCCGTGTATGTGACCGGTGACAGTCGCGGGCTCAAC","TACGTAGGGGTCGAGCGTTGTCCGGAGTTACTGGGCGTAAAGCGCATGCAGGCGGCTCATTACGCATGGCGTGAAAGCCCCCGGCTTAAC","GACGTAGGGTCCGAGCGTTGTCCGGAATTACTGGGCGTAAAGCGCGCGCAGGCGGATACGCGCATCATCGGTGAAAGCCCCCCGCTCAAC","TACGTAGGTGTCGAGCGTTGTCCGGATTTATTGGGCGTAAAGCGCCCGCAGGCGGCCAGGCAAGTCCAGGGTGAAATCTCCCGGCTCAAC","TACGTAGGTGGCAAGCGTTGTCCGGATTTACTGGGCGTAAAGAGCGCGCAGGCGGTCGTTCAAGTCGCGTGTGAAAGCCCCCGGCTCAAC","TACGTAGGATGCAAGCGTTGTCCGGAATTACTGGGCGTAAAGAGCTCGTAGGCGGGAAGGTACGTTTGGAAGTAAATCTCACGGCTCAAC","TACAGAGGTCCCGAGCGTTGTTCGGATTCACTGGGCGTAAAGGGTGCGCAGGTGGGTTTGCAAGTTTGATGTGAAAGCCCCGGGCTTAAC","TACAGAGACTGCAAGCGTTATTCGGATTCACTGGGCGTAAAGGGTGCGCAGGCGGCCAAGTGTGTCAGGTGTGAAATCCCGGGGCTTAAC","TACAGAGACGGCGAGCGTTACTCGGATTTACTGGGCGTAAAGGGTGCGTAGGTGGCCAGGTGTGTCGGGTGTGAAATCTCGGAGCTCAAC","TACAGAGACTGCAAGCGTTACTCGGAATCACTGGGCGTAAAGGGAGCGCAGGCGGGTTGGTGTGTCAGGTGTGAAATTCCGGGGCTTAAC","TACAGAGGTCTCAAGCGTTGTTCGGAATCACTGGGCGTAAAGCGTGCGTAGGCTGTTTCGTAAGTCGTGTGTGAAAGGCGCGGGCTCAAC","TACAGAGGTCTCAAGCGTTGTTCGGATTCATTGGGCGTAAAGGGTGCGTAGGTGGCGATGTAAGTCGGATGTGAAATCTCCAAGCTTAAC","TACGTAGGTGGCGAGCGTTGTTCGGATTTATTGGGCGTAAAGGGTCTGTAGGAGGTTCGTTAAATACGAGGTGAAATCCCGAAGCTCAAC","TACGTATGTCGCAAGCGTTATCCGGATTTATTGGGCGTAAAGCGCGTCTAGGCGGTTTGGTAAGTCTGATGTGAAAATGCGGGGCTCAAC","TACGTAGGGGGCGAGCGTTGTTCGGAATTACTGGGCGTAAAGCGCACGCAGGCGGACCAGTAAGTCTGTCGTCAAAGGCGGAGGCTCAAC","TACGTAGGTGGCAAGCGTTGTCCGGAATTATTGGGCGTAAAGCGCGCGCAGGTGGTTTAATAAGTCTGATGTGAAAGCCCACGGCTCAAC","TACGTAGGTGGCGAGCGTTATCCGGAATTATTGGGCGTAAAGAGCGCGCAGGTGGTTGATTAAGTCTGATGTGAAAGCCCACGGCTTAAC","TACATAGGGGGCGAGCGTTATCCGGAATTATTGGGCGTAAAGCGTGCGTAGGCGGCCGTTTAAGTCTGTCGTGAAAGCCCACAGCTTAAC","TACGTAGGGGGCGAGCGTTATCCGGATTTATTGGGCGTAAAGCGTGTGTAGGCGGTTTATTAAGTTTAAGATTAAAGCCCGGGGCTCAAC","TACATAGGATGCAAGCGTTATCCGGATTTACTGGGCGTAAAGCGAGCGCGGGCGGATTTGCAAGTCTGGTGTTAAATACAACTGCTTAAC","TACGTAGGTCCCGAGCGTTATCCGGAATTATTGGGCGTAAAGGGCGCGCAGGTGGTTTGTTAAGTCTGGTGTGAAATTTTTGGGCTCAAC","TACGTAGGTCCCGAGCGTTGTCCGGATTTATTGGGCGTAAAGCGAGCGCAGGCGGTTTGATAAGTCTGAAGTTAAAGGCTGTGGCTCAAC","GACGTAGGGGGCGAGCGTTGTCCGGAATTACTGGGCGTAAAGGGCGCGTAGGCGGCCACTTAAGTCAGGTGTAAAAAACCCGGGCTCAAC","TACGTAGGGGGCGAGCGTTATCCGGATTCATTGGGCGTAAAGCGCGCGTAGGCGGCCCGGCAGGCCGGGGGTCGAAGCGGGGGGCTCAAC","TACGTAGGGGGCAAGCGTTATCCGGAATTACTGGGTGTAAAGGGTGAGTAGGCGGATTAGTAAGCCATATGTGAAAACTCAGGGCTTAAC","TACGTAGGGGGCTAGCGTTATCCGGAATTACTGGGCGTAAAGGGTGCGTAGGTGGTTTCTTAAGTCAGAGGTGAAAGGCTACGGCTCAAC","TACGTAGGGGGCGAGCGTTGTCCGGAATGACTGGGCGTAAAGGGCGTGTAGGCGGCCGACTAAGTCTGATGTGAAATACCCGCTTTTAAG","TACGTAGGTGGCGAGCGTTGTCCGGAATTACTGGGCGTAAAGGGCGCGTAGGCGGATCGTTAAGTTGGACGTGAAATACCCCGGCTCAAC","TACGTAGGTGGCGAGCGTTATCCGGAATTATTGGGCGTAAAGAGGGAGCAGGCGGCACTAAGGGTCTGTGGTGAAAGATCGAAGCTTAAC","TACGGAGGGTGCAAGCGTTGTCCGGAATCATTGGGCGTAAAGAGTTCGTAGGTGGTTTGTTAAGTTTGGTGTTAAATGCAGAGGCTCAAC","GACGTAGGATGCAAGCGTTGTCCGGATTTATTGGGCGTAAAGAGTTCGTAGGCGGTTTGTTAAGTCTGATGTTAAAGATCGGGGCTCAAC","TACGGAGGATGCAAGCGTTATCCGGAATGATTGGGCGTAAGGCGTCCGCAGGCGGTTTTGTAAGTCTGCTGTTAAAGAGTCTGGCTTAAC","TACAGAGGATGCAAGCGTTATCCGGAATGATTGGGCGTAAAGCGTCCGCAGGTGGTTTAATAAGTCTGCTGTTAAAGCGTGTGGCTCAAC","TACGGAGGATGCAAGCGTTATCCGGAATGATTGGGCGTAAAGCGTCCGCAGGTGGCATTTCAAGTTTGCGGTTAAAGGTTCTGGCTCAAC","TACGGAGGATGCAAGCGTTATCCGGAATTATTGGGCGTAAAGCGTCCGTAGGTGGCCGTTCAAGTCTGCCGTTAAAACCAGTAGCTTAAC","TACGGAGGAGGCAAGCGTTATCCGGAATTATTGGGCGTAAAGCGTCCGCAGGTGGCACTTCAAGTCTGTCGTCAAAGACTGGGGCTTAAC","GACAGAGGATGCAAGCGTTATCCGGAATGATTGGGCGTAAAGCGTCTGTAGGTGGCTTTTCAAGTCTGCCGTCAAATCCCAGGGCTCAAC","GACGGAGGATGCAAGTGTTATCCGGAATCACTGGGCGTAAAGCGTTTGTAGGTGGTTTAGTAAGTCTATTGTTAAAGCTTGAAGCTCAAC","TACGGAGGATGCAAGCGTTATCCGGAATTATTGGGCGTAAAGCGTCCGTAGGTGGTTGGTCAAGTCTGCTGTCAAAGCGTGGAGCTTAAC"
"CACCGGCAGCTCTAGTGGTAGCAGTTTTTATTGGGCCTAAAGCGTCCGTAGCCGGTTTAATAAGTCTCTGGTGAAATCCTGCAGCTTAAC",0,0.62012824051,0.56470920803,0.71775627903,0.65952567303,0.99740739051,1.05356917403,1.23225544051,1.14488654403,1.16213412864,1.20663660403,1.29634922403,1.39189403051,1.32326115527,1.21790081503,1.27733140442,1.30239242403,1.24953031303,1.33552876703,1.24961874603,1.23459149903,1.28682438503,1.45555887451,1.19240535748,1.23824068703,1.38005444403,1.34189567003,1.3837636842,1.45746689051,1.30287844003,1.20955216603,1.23534252003,1.34075155751,1.21667596051,1.28876030051,1.25284356051,1.35823344513,1.49239800288,1.38540725703,1.32866379103,1.37160705991,1.24170981051,1.22248719403,1.25610605314,1.32651047503,1.24344127051,1.19128341003,1.2662964516,1.26070256403,1.25863672403,1.19171426051,1.44787432003,1.57401380103,1.84691244251,1.52523415967,1.47986204603,1.39648119051,1.46094046951,1.39542681051,1.37782918051,1.44218623403,1.3758100967,1.36230762003,1.27696255103,1.26663309603,1.33247841403,1.34753824203,1.35556417175,1.22187211403,1.32708283051,1.28205391125,1.46053472803,1.38981138673,1.27606233051,1.26356206403,1.25261906833,1.33242699051,1.35180445814,1.43999057151,1.47236444003,1.5057675442,1.56015046603,1.68700767051,1.59477081403,1.37340831403,1.48518154301,1.40634159051,1.50157789051,1.40626258403,1.38279065051,1.47827657403,1.47277931051,1.46299111051,1.43043076,1.39647446403,1.33172611403,1.28053774503,1.31776784003,1.38657985451,1.38368279403,1.47188373403,1.48708623051,1.46190773649,1.29066678403,1.40801889203,1.36379204261,1.34882848103,1.34941999203,1.22290166403,1.36072224323,1.41789243248,1.48844011103,1.32417191051,1.3636799399301,1.22257120103,1.5418657911,1.41302462403,1.45008194683,1.51950433203,1.61100299802,1.56974544203,1.20429783773,1.09425182403,1.26566424601,1.32797345601,1.25083441153,1.25853899601,1.24119830453,1.31361472718,1.31642158053,1.19116811904
"TACCTGCAGCCCAAGTGGTGGTCGATTTTATTGAGTCTAAAACGTTCGTAGCCGGTCTGGTAAATCCTTGGGTAAATCGGGAAGCTTAAC",0.62012824051,0,0.70444956752,0.88146103852,0.82323043252,1.16111215,1.21727393352,1.3959602,1.30859130352,1.32583888813,1.37034136352,1.46005398352,1.55559879,1.48696591476,1.38160557452,1.44103616391,1.46609718352,1.41323507252,1.49923352652,1.41332350552,1.39829625852,1.45052914452,1.619263634,1.35611011697,1.40194544652,1.54375920352,1.50560042952,1.54746844369,1.62117165,1.46658319952,1.37325692552,1.39904727952,1.504456317,1.38038072,1.45246506,1.41654832,1.52193820462,1.65610276237,1.54911201652,1.49236855052,1.5353118194,1.40541457,1.38619195352,1.41981081263,1.49021523452,1.40714603,1.35498816952,1.43000121109,1.42440732352,1.42234148352,1.35541902,1.61157907952,1.73771856052,2.010617202,1.68893891916,1.64356680552,1.56018595,1.624645229,1.55913157,1.54153394,1.60589099352,1.53951485619,1.52601237952,1.44066731052,1.43033785552,1.49618317352,1.51124300152,1.51926893124,1.38557687352,1.49078759,1.44575867074,1.62423948752,1.55351614622,1.43976709,1.42726682352,1.41632382782,1.49613175,1.51550921763,1.603695331,1.63606919952,1.66947230369,1.72385522552,1.85071243,1.75847557352,1.53711307352,1.6488863025,1.57004635,1.66528265,1.56996734352,1.54649541,1.64198133352,1.63648407,1.62669587,1.59413551949,1.56017922352,1.49543087352,1.44424250452,1.48147259952,1.550284614,1.54738755352,1.63558849352,1.65079099,1.62561249598,1.45437154352,1.57172365152,1.5274968021,1.51253324052,1.51312475152,1.38660642352,1.52442700272,1.58159719197,1.65214487052,1.48787667,1.5273846994201,1.38627596052,1.70557055059,1.57672938352,1.61378670632,1.68320909152,1.77470775751,1.73345020152,1.36800259722,1.25795658352,1.4293690055,1.4916782155,1.41453917102,1.4222437555,1.40490306402,1.47731948667,1.48012634002,1.35487287853
"TACCGGCAGCTCGAGTGATAGCCACTATTATTGGGCCTAAAGCGTCCGTAGCCGGCCGAACAGGTCCGTCGGGAAATCCACCTGCTCAAC",0.56470920803,0.70444956752,0,0.82604200604,0.76781140004,1.10569311752,1.16185490104,1.34054116752,1.25317227104,1.27041985565,1.31492233104,1.40463495104,1.50017975752,1.43154688228,1.32618654204,1.38561713143,1.41067815104,1.35781604004,1.44381449404,1.35790447304,1.34287722604,1.39511011204,1.56384460152,1.30069108449,1.34652641404,1.48834017104,1.45018139704,1.49204941121,1.56575261752,1.41116416704,1.31783789304,1.34362824704,1.44903728452,1.32496168752,1.39704602752,1.36112928752,1.46651917214,1.60068372989,1.49369298404,1.43694951804,1.47989278692,1.34999553752,1.33077292104,1.36439178015,1.43479620204,1.35172699752,1.29956913704,1.37458217861,1.36898829104,1.36692245104,1.29999998752,1.55616004704,1.68229952804,1.95519816952,1.63351988668,1.58814777304,1.50476691752,1.56922619652,1.50371253752,1.48611490752,1.55047196104,1.48409582371,1.47059334704,1.38524827804,1.37491882304,1.44076414104,1.45582396904,1.46384989876,1.33015784104,1.43536855752,1.39033963826,1.56882045504,1.49809711374,1.38434805752,1.37184779104,1.36090479534,1.44071271752,1.46009018515,1.54827629852,1.58065016704,1.61405327121,1.66843619304,1.79529339752,1.70305654104,1.48169404104,1.59346727002,1.51462731752,1.60986361752,1.51454831104,1.49107637752,1.58656230104,1.58106503752,1.57127683752,1.53871648701,1.50476019104,1.44001184104,1.38882347204,1.42605356704,1.49486558152,1.49196852104,1.58016946104,1.59537195752,1.5701934635,1.39895251104,1.51630461904,1.47207776962,1.45711420804,1.45770571904,1.33118739104,1.46900797024,1.52617815949,1.59672583804,1.43245763752,1.4719656669401,1.33085692804,1.65015151811,1.52131035104,1.55836767384,1.62779005904,1.71928872503,1.67803116904,1.31258356474,1.20253755104,1.37394997302,1.43625918302,1.35912013854,1.36682472302,1.34948403154,1.42190045419,1.42470730754,1.29945384605
"AACCAGCACCTCAAGTGGTCAGGATGATTATTGGGCCTAAAGCATCCGTAGCTCGTTTTGTAAGTTTTCGGTTAAATCCATGCGCTTAAC",0.71775627903,0.88146103852,0.82604200604,0,0.26201709104,1.18824428852,1.24440607204,1.42309233852,1.33572344204,1.35297102665,1.39747350204,1.48718612204,1.58273092852,1.51409805328,1.40873771304,1.46816830243,1.49322932204,1.44036721104,1.52636566504,1.44045564404,1.42542839704,1.47766128304,1.64639577252,1.38324225549,1.42907758504,1.57089134204,1.53273256804,1.57460058221,1.64830378852,1.49371533804,1.40038906404,1.42617941804,1.53158845552,1.40751285852,1.47959719852,1.44368045852,1.54907034314,1.68323490089,1.57624415504,1.51950068904,1.56244395792,1.43254670852,1.41332409204,1.44694295115,1.51734737304,1.43427816852,1.38212030804,1.45713334961,1.45153946204,1.44947362204,1.38255115852,1.63871121804,1.76485069904,2.03774934052,1.71607105768,1.67069894404,1.58731808852,1.65177736752,1.58626370852,1.56866607852,1.63302313204,1.56664699471,1.55314451804,1.46779944904,1.45746999404,1.52331531204,1.53837514004,1.54640106976,1.41270901204,1.51791972852,1.47289080926,1.65137162604,1.58064828474,1.46689922852,1.45439896204,1.44345596634,1.52326388852,1.54264135615,1.63082746952,1.66320133804,1.69660444221,1.75098736404,1.87784456852,1.78560771204,1.56424521204,1.67601844102,1.59717848852,1.69241478852,1.59709948204,1.57362754852,1.66911347204,1.66361620852,1.65382800852,1.62126765801,1.58731136204,1.52256301204,1.47137464304,1.50860473804,1.57741675252,1.57451969204,1.66272063204,1.67792312852,1.6527446345,1.48150368204,1.59885579004,1.55462894062,1.53966537904,1.54025689004,1.41373856204,1.55155914124,1.60872933049,1.67927700904,1.51500880852,1.5545168379401,1.41340809904,1.73270268911,1.60386152204,1.64091884484,1.71034123004,1.80183989603,1.76058234004,1.39513473574,1.28508872204,1.45650114402,1.51881035402,1.44167130954,1.44937589402,1.43203520254,1.50445162519,1.50725847854,1.38200501705
"TACCAGCACCCCGAGTGGTCGGGACGATTATTGGGCCTAAAGCATCCGTAGCCGGTTCTGCAAGTCTTCCGTTAAATCCACCTGCTCAAC",0.65952567303,0.82323043252,0.76781140004,0.26201709104,0,1.13001368252,1.18617546604,1.36486173252,1.27749283604,1.29474042065,1.33924289604,1.42895551604,1.52450032252,1.45586744728,1.35050710704,1.40993769643,1.43499871604,1.38213660504,1.46813505904,1.38222503804,1.36719779104,1.41943067704,1.58816516652,1.32501164949,1.37084697904,1.51266073604,1.47450196204,1.51636997621,1.59007318252,1.43548473204,1.34215845804,1.36794881204,1.47335784952,1.34928225252,1.42136659252,1.38544985252,1.49083973714,1.62500429489,1.51801354904,1.46127008304,1.50421335192,1.37431610252,1.35509348604,1.38871234515,1.45911676704,1.37604756252,1.32388970204,1.39890274361,1.39330885604,1.39124301604,1.32432055252,1.58048061204,1.70662009304,1.97951873452,1.65784045168,1.61246833804,1.52908748252,1.59354676152,1.52803310252,1.51043547252,1.57479252604,1.50841638871,1.49491391204,1.40956884304,1.39923938804,1.46508470604,1.48014453404,1.48817046376,1.35447840604,1.45968912252,1.41466020326,1.59314102004,1.52241767874,1.40866862252,1.39616835604,1.38522536034,1.46503328252,1.48441075015,1.57259686352,1.60497073204,1.63837383621,1.69275675804,1.81961396252,1.72737710604,1.50601460604,1.61778783502,1.53894788252,1.63418418252,1.53886887604,1.51539694252,1.61088286604,1.60538560252,1.59559740252,1.56303705201,1.52908075604,1.46433240604,1.41314403704,1.45037413204,1.51918614652,1.51628908604,1.60449002604,1.61969252252,1.5945140285,1.42327307604,1.54062518404,1.49639833462,1.48143477304,1.48202628404,1.35550795604,1.49332853524,1.55049872449,1.62104640304,1.45677820252,1.4962862319401,1.35517749304,1.67447208311,1.54563091604,1.58268823884,1.65211062404,1.74360929003,1.70235173404,1.33690412974,1.22685811604,1.39827053802,1.46057974802,1.38344070354,1.39114528802,1.37380459654,1.44622101919,1.44902787254,1.32377441105
"TACGTAGGTCTCGAGCGTTATCCGGAATTACTGGGCGTAAAGCGTCTGTAGCCGGATGTATAAGTCTGTCTTTAAATACTCCGATTCAAT",0.99740739051,1.16111215,1.10569311752,1.18824428852,1.13001368252,0,0.75258118352,0.93126745,0.84389855352,0.86114613813,0.90564861352,0.99536123352,1.09090604,1.02227316476,0.91691282452,0.97634341391,1.00140443352,0.94854232252,1.03454077652,0.94863075552,0.93360350852,0.98583639452,1.154570884,0.89141736697,0.93725269652,1.07906645352,1.04090767952,1.08277569369,1.1564789,1.00189044952,0.90856417552,0.93435452952,1.039763567,0.91568797,0.98777231,0.95185557,1.05724545462,1.19141001237,1.08441926652,1.02767580052,1.0706190694,0.94072182,0.92149920352,0.95511806263,1.02552248452,0.94245328,0.89029541952,0.96530846109,0.95971457352,0.95764873352,0.89072627,1.14688632952,1.27302581052,1.545924452,1.22424616916,1.17887405552,1.0954932,1.159952479,1.09443882,1.07684119,1.14119824352,1.07482210619,1.06131962952,0.97597456052,0.96564510552,1.03149042352,1.04655025152,1.05457618124,0.92088412352,1.02609484,0.98106592074,1.15954673752,1.08882339622,0.97507434,0.96257407352,0.95163107782,1.031439,1.05081646763,1.139002581,1.17137644952,1.20477955369,1.25916247552,1.38601968,1.29378282352,1.07242032352,1.1841935525,1.1053536,1.2005899,1.10527459352,1.08180266,1.17728858352,1.17179132,1.16200312,1.12944276949,1.09548647352,1.03073812352,0.97954975452,1.01677984952,1.085591864,1.08269480352,1.17089574352,1.18609824,1.16091974598,0.98967879352,1.10703090152,1.0628040521,1.04784049052,1.04843200152,0.92191367352,1.05973425272,1.11690444197,1.18745212052,1.02318392,1.0626919494201,0.92158321052,1.24087780059,1.11203663352,1.14909395632,1.21851634152,1.31001500751,1.26875745152,0.90330984722,0.79326383352,0.9646762555,1.0269854655,0.94984642102,0.9575510055,0.94021031402,1.01262673667,1.01543359002,0.89018012853
"TACGTATGTCTCGAGCGTTATCCGGAATTACTGGGTGTAAAGAGTTCGTAGGCGGCGAATTAAGTTAGGTATGAAAGACCGGAGCTCAAC",1.05356917403,1.21727393352,1.16185490104,1.24440607204,1.18617546604,0.75258118352,0,0.79432943352,0.70696053704,0.72420812165,0.76871059704,0.85842321704,0.95396802352,0.88533514828,0.77997480804,0.83940539743,0.86446641704,0.81160430604,0.89760276004,0.81169273904,0.79666549204,0.84889837804,1.01763286752,0.75447935049,0.80031468004,0.94212843704,0.90396966304,0.94583767721,1.01954088352,0.86495243304,0.77162615904,0.79741651304,0.90282555052,0.77874995352,0.85083429352,0.81491755352,0.92030743814,1.05447199589,0.94748125004,0.89073778404,0.93368105292,0.80378380352,0.78456118704,0.81818004615,0.88858446804,0.80551526352,0.75335740304,0.82837044461,0.82277655704,0.82071071704,0.75378825352,1.00994831304,1.13608779404,1.40898643552,1.08730815268,1.04193603904,0.95855518352,1.02301446252,0.95750080352,0.93990317352,1.00426022704,0.93788408971,0.92438161304,0.83903654404,0.82870708904,0.89455240704,0.90961223504,0.91763816476,0.78394610704,0.88915682352,0.84412790426,1.02260872104,0.95188537974,0.83813632352,0.82563605704,0.81469306134,0.89450098352,0.91387845115,1.00206456452,1.03443843304,1.06784153721,1.12222445904,1.24908166352,1.15684480704,0.93548230704,1.04725553602,0.96841558352,1.06365188352,0.96833657704,0.94486464352,1.04035056704,1.03485330352,1.02506510352,0.99250475301,0.95854845704,0.89380010704,0.84261173804,0.87984183304,0.94865384752,0.94575678704,1.03395772704,1.04916022352,1.0239817295,0.85274077704,0.97009288504,0.92586603562,0.91090247404,0.91149398504,0.78497565704,0.92279623624,0.97996642549,1.05051410404,0.88624590352,0.9257539329401,0.78464519404,1.10393978411,0.97509861704,1.01215593984,1.08157832504,1.17307699103,1.13181943504,0.76637183074,0.65632581704,0.82773823902,0.89004744902,0.81290840454,0.82061298902,0.80327229754,0.87568872019,0.87849557354,0.75324211205
"TACGAGGGCTCCAAGCGTTATCCGGATTTATTGGGCGTAAAGAGTGCGTAGGAGGATTTTTAAGTTTGATGTTAAATTTCGGGGCTTAAC",1.23225544051,1.3959602,1.34054116752,1.42309233852,1.36486173252,0.93126745,0.79432943352,0,0.81036840352,0.82761598813,0.87211846352,0.96183108352,1.05737589,0.98874301476,0.88338267452,0.94281326391,0.96787428352,0.91501217252,1.00101062652,0.91510060552,0.90007335852,0.95230624452,1.121040734,0.85788721697,0.90372254652,1.04553630352,1.00737752952,1.04924554369,1.12294875,0.96836029952,0.87503402552,0.90082437952,1.006233417,0.88215782,0.95424216,0.91832542,1.02371530462,1.15787986237,1.05088911652,0.99414565052,1.0370889194,0.90719167,0.88796905352,0.92158791263,0.99199233452,0.90892313,0.85676526952,0.93177831109,0.92618442352,0.92411858352,0.85719612,1.11335617952,1.23949566052,1.512394302,1.19071601916,1.14534390552,1.06196305,1.126422329,1.06090867,1.04331104,1.10766809352,1.04129195619,1.02778947952,0.94244441052,0.93211495552,0.99796027352,1.01302010152,1.02104603124,0.88735397352,0.99256469,0.94753577074,1.12601658752,1.05529324622,0.94154419,0.92904392352,0.91810092782,0.99790885,1.01728631763,1.105472431,1.13784629952,1.17124940369,1.22563232552,1.35248953,1.26025267352,1.03889017352,1.1506634025,1.07182345,1.16705975,1.07174444352,1.04827251,1.14375843352,1.13826117,1.12847297,1.09591261949,1.06195632352,0.99720797352,0.94601960452,0.98324969952,1.052061714,1.04916465352,1.13736559352,1.15256809,1.12738959598,0.95614864352,1.07350075152,1.0292739021,1.01431034052,1.01490185152,0.88838352352,1.02620410272,1.08337429197,1.15392197052,0.98965377,1.0291617994201,0.88805306052,1.20734765059,1.07850648352,1.11556380632,1.18498619152,1.27648485751,1.23522730152,0.86977969722,0.75973368352,0.9311461055,0.9934553155,0.91631627102,0.9240208555,0.90668016402,0.97909658667,0.98190344002,0.85664997853
"TACGTAGGATCCGAGCGTTATCCGGAGTGACTGGGCGTAAAGAGTTGCGTAGGTGGTTCAATAAGCGAATAGTGAAAGCTGGTGGCTCAA",1.14488654403,1.30859130352,1.25317227104,1.33572344204,1.27749283604,0.84389855352,0.70696053704,0.81036840352,0,0.12839823165,0.23353156704,0.76191694704,0.85746175352,0.78882887828,0.68346853804,0.74289912743,0.76796014704,0.71509803604,0.80109649004,0.71518646904,0.70015922204,0.75239210804,0.92112659752,0.65797308049,0.70380841004,0.84562216704,0.80746339304,0.84933140721,0.92303461352,0.76844616304,0.67511988904,0.70091024304,0.80631928052,0.68224368352,0.75432802352,0.71841128352,0.82380116814,0.95796572589,0.85097498004,0.79423151404,0.83717478292,0.70727753352,0.68805491704,0.72167377615,0.79207819804,0.70900899352,0.65685113304,0.73186417461,0.72627028704,0.72420444704,0.65728198352,0.91344204304,1.03958152404,1.31248016552,0.99080188268,0.94542976904,0.86204891352,0.92650819252,0.86099453352,0.84339690352,0.90775395704,0.84137781971,0.82787534304,0.74253027404,0.73220081904,0.79804613704,0.81310596504,0.82113189476,0.68743983704,0.79265055352,0.74762163426,0.92610245104,0.85537910974,0.74163005352,0.72912978704,0.71818679134,0.79799471352,0.81737218115,0.90555829452,0.93793216304,0.97133526721,1.02571818904,1.15257539352,1.06033853704,0.83897603704,0.95074926602,0.87190931352,0.96714561352,0.87183030704,0.84835837352,0.94384429704,0.93834703352,0.92855883352,0.89599848301,0.86204218704,0.79729383704,0.74610546804,0.78333556304,0.85214757752,0.84925051704,0.93745145704,0.95265395352,0.9274754595,0.75623450704,0.87358661504,0.82935976562,0.81439620404,0.81498771504,0.68846938704,0.82628996624,0.88346015549,0.95400783404,0.78973963352,0.8292476629401,0.68813892404,1.00743351411,0.87859234704,0.91564966984,0.98507205504,1.07657072103,1.03531316504,0.66986556074,0.55981954704,0.73123196902,0.79354117902,0.71640213454,0.72410671902,0.70676602754,0.77918245019,0.78198930354,0.65673584205
"TACGTAGGGTGCAAGCATTATCCGGAGTGACTGGGCGTAAAGAGTTGCGTAGGCGGTTTAATAAGTGAATAGTGAAACCTGGTGGCTCAA",1.16213412864,1.32583888813,1.27041985565,1.35297102665,1.29474042065,0.86114613813,0.72420812165,0.82761598813,0.12839823165,0,0.25077915165,0.77916453165,0.87470933813,0.80607646289,0.70071612265,0.76014671204,0.78520773165,0.73234562065,0.81834407465,0.73243405365,0.71740680665,0.76963969265,0.93837418213,0.6752206651,0.72105599465,0.86286975165,0.82471097765,0.86657899182,0.94028219813,0.78569374765,0.69236747365,0.71815782765,0.82356686513,0.69949126813,0.77157560813,0.73565886813,0.84104875275,0.9752133105,0.86822256465,0.81147909865,0.85442236753,0.72452511813,0.70530250165,0.73892136076,0.80932578265,0.72625657813,0.67409871765,0.74911175922,0.74351787165,0.74145203165,0.67452956813,0.93068962765,1.05682910865,1.32972775013,1.00804946729,0.96267735365,0.87929649813,0.94375577713,0.87824211813,0.86064448813,0.92500154165,0.85862540432,0.84512292765,0.75977785865,0.74944840365,0.81529372165,0.83035354965,0.83837947937,0.70468742165,0.80989813813,0.76486921887,0.94335003565,0.87262669435,0.75887763813,0.74637737165,0.73543437595,0.81524229813,0.83461976576,0.92280587913,0.95517974765,0.98858285182,1.04296577365,1.16982297813,1.07758612165,0.85622362165,0.96799685063,0.88915689813,0.98439319813,0.88907789165,0.86560595813,0.96109188165,0.95559461813,0.94580641813,0.91324606762,0.87928977165,0.81454142165,0.76335305265,0.80058314765,0.86939516213,0.86649810165,0.95469904165,0.96990153813,0.94472304411,0.77348209165,0.89083419965,0.84660735023,0.83164378865,0.83223529965,0.70571697165,0.84353755085,0.9007077401,0.97125541865,0.80698721813,0.8464952475501,0.70538650865,1.02468109872,0.89583993165,0.93289725445,1.00231963965,1.09381830564,1.05256074965,0.68711314535,0.57706713165,0.74847955363,0.81078876363,0.73364971915,0.74135430363,0.72401361215,0.7964300348,0.79923688815,0.67398342666
"TACGTAGGTCCCGAGCGTTATCCGGAGTGACTGGGCGTAAAGAGTTGCGTAGGCGGTCAAGTTAGCGAGCGATGAAAACTATCGGCTCAA",1.20663660403,1.37034136352,1.31492233104,1.39747350204,1.33924289604,0.90564861352,0.76871059704,0.87211846352,0.23353156704,0.25077915165,0,0.82366700704,0.91921181352,0.85057893828,0.74521859804,0.80464918743,0.82971020704,0.77684809604,0.86284655004,0.77693652904,0.76190928204,0.81414216804,0.98287665752,0.71972314049,0.76555847004,0.90737222704,0.86921345304,0.91108146721,0.98478467352,0.83019622304,0.73686994904,0.76266030304,0.86806934052,0.74399374352,0.81607808352,0.78016134352,0.88555122814,1.01971578589,0.91272504004,0.85598157404,0.89892484292,0.76902759352,0.74980497704,0.78342383615,0.85382825804,0.77075905352,0.71860119304,0.79361423461,0.78802034704,0.78595450704,0.71903204352,0.97519210304,1.10133158404,1.37423022552,1.05255194268,1.00717982904,0.92379897352,0.98825825252,0.92274459352,0.90514696352,0.96950401704,0.90312787971,0.88962540304,0.80428033404,0.79395087904,0.85979619704,0.87485602504,0.88288195476,0.74918989704,0.85440061352,0.80937169426,0.98785251104,0.91712916974,0.80338011352,0.79087984704,0.77993685134,0.85974477352,0.87912224115,0.96730835452,0.99968222304,1.03308532721,1.08746824904,1.21432545352,1.12208859704,0.90072609704,1.01249932602,0.93365937352,1.02889567352,0.93358036704,0.91010843352,1.00559435704,1.00009709352,0.99030889352,0.95774854301,0.92379224704,0.85904389704,0.80785552804,0.84508562304,0.91389763752,0.91100057704,0.99920151704,1.01440401352,0.9892255195,0.81798456704,0.93533667504,0.89110982562,0.87614626404,0.87673777504,0.75021944704,0.88804002624,0.94521021549,1.01575789404,0.85148969352,0.8909977229401,0.74988898404,1.06918357411,0.94034240704,0.97739972984,1.04682211504,1.13832078103,1.09706322504,0.73161562074,0.62156960704,0.79298202902,0.85529123902,0.77815219454,0.78585677902,0.76851608754,0.84093251019,0.84373936354,0.71848590205
"TACGGAGGGTGCAAGCGTTACTCGGAATCACTGGGCGTAAAGGGCGCGTAGGCGGATTATCAAGTCTCTTGTGAAATCTAATGGCTTAAC",1.29634922403,1.46005398352,1.40463495104,1.48718612204,1.42895551604,0.99536123352,0.85842321704,0.96183108352,0.76191694704,0.77916453165,0.82366700704,0,0.36855735352,0.75070777828,0.64534743804,0.70477802743,0.72983904704,0.67697693604,0.76297539004,0.67706536904,0.66203812204,0.71427100804,0.88300549752,0.61985198049,0.66568731004,0.80750106704,0.76934229304,0.81121030721,0.88491351352,0.73032506304,0.63699878904,0.66278914304,0.76819818052,0.64412258352,0.71620692352,0.68029018352,0.78568006814,0.91984462589,0.81285388004,0.75611041404,0.79905368292,0.66915643352,0.64993381704,0.68355267615,0.75395709804,0.67088789352,0.61873003304,0.69374307461,0.69582976704,0.69376392704,0.62684146352,0.88300152304,1.00914100404,1.28203964552,0.96036136268,0.91498924904,0.83160839352,0.89606767252,0.83055401352,0.81295638352,0.87731343704,0.81093729971,0.79743482304,0.71208975404,0.70176029904,0.76760561704,0.78266544504,0.79069137476,0.65699931704,0.76221003352,0.71718111426,0.89566193104,0.82493858974,0.71118953352,0.69868926704,0.68774627134,0.76755419352,0.78693166115,0.87511777452,0.90749164304,0.94089474721,0.99527766904,1.12213487352,1.02989801704,0.80853551704,0.92030874602,0.84146879352,0.93670509352,0.84138978704,0.81791785352,0.91340377704,0.90790651352,0.89811831352,0.86555796301,0.83160166704,0.76685331704,0.71566494804,0.75289504304,0.82170705752,0.81880999704,0.90701093704,0.92221343352,0.8970349395,0.72579398704,0.84314609504,0.79891924562,0.78395568404,0.78454719504,0.65802886704,0.79584944624,0.85301963549,0.92356731404,0.75929911352,0.7988071429401,0.65769840404,0.97699299411,0.84815182704,0.88520914984,0.95463153504,1.04613020103,1.00487264504,0.68700944074,0.57696342704,0.74837584902,0.81068505902,0.73354601454,0.74125059902,0.72390990754,0.79632633019,0.79913318354,0.67387972205
"TACGTAGGGTCCAAGCGTTATTCGGAATTACTGGGCGTAAAGCGTACGTAGGCGGCTTGATAAGTTGGATGTGAAATCCTGTGGCTCAAC",1.39189403051,1.55559879,1.50017975752,1.58273092852,1.52450032252,1.09090604,0.95396802352,1.05737589,0.85746175352,0.87470933813,0.91921181352,0.36855735352,0,0.84625258476,0.74089224452,0.80032283391,0.82538385352,0.77252174252,0.85852019652,0.77261017552,0.75758292852,0.80981581452,0.978550304,0.71539678697,0.76123211652,0.90304587352,0.86488709952,0.90675511369,0.98045832,0.82586986952,0.73254359552,0.75833394952,0.863742987,0.73966739,0.81175173,0.77583499,0.88122487462,1.01538943237,0.90839868652,0.85165522052,0.8945984894,0.76470124,0.74547862352,0.77909748263,0.84950190452,0.7664327,0.71427483952,0.78928788109,0.79137457352,0.78930873352,0.72238627,0.97854632952,1.10468581052,1.377584452,1.05590616916,1.01053405552,0.9271532,0.991612479,0.92609882,0.90850119,0.97285824352,0.90648210619,0.89297962952,0.80763456052,0.79730510552,0.86315042352,0.87821025152,0.88623618124,0.75254412352,0.85775484,0.81272592074,0.99120673752,0.92048339622,0.80673434,0.79423407352,0.78329107782,0.863099,0.88247646763,0.970662581,1.00303644952,1.03643955369,1.09082247552,1.21767968,1.12544282352,0.90408032352,1.0158535525,0.9370136,1.0322499,0.93693459352,0.91346266,1.00894858352,1.00345132,0.99366312,0.96110276949,0.92714647352,0.86239812352,0.81120975452,0.84843984952,0.917251864,0.91435480352,1.00255574352,1.01775824,0.99257974598,0.82133879352,0.93869090152,0.8944640521,0.87950049052,0.88009200152,0.75357367352,0.89139425272,0.94856444197,1.01911212052,0.85484392,0.8943519494201,0.75324321052,1.07253780059,0.94369663352,0.98075395632,1.05017634152,1.14167500751,1.10041745152,0.78255424722,0.67250823352,0.8439206555,0.9062298655,0.82909082102,0.8367954055,0.81945471402,0.89187113667,0.89467799002,0.76942452853
"GACGTAGGTGGCAAGCGTTACTCGGAATTACTAGGCGTAAAGCGCGCGTAGGCGGAATGTTAAGTCTGTTGTGTAATCTCTGGGCTCAAC",1.32326115527,1.48696591476,1.43154688228,1.51409805328,1.45586744728,1.02227316476,0.88533514828,0.98874301476,0.78882887828,0.80607646289,0.85057893828,0.75070777828,0.84625258476,0,0.32030868928,0.45394461867,0.47900563828,0.42614352728,0.51214198128,0.42623196028,0.41120471328,0.46343759928,0.69728048876,0.43412697173,0.47996230128,0.62177605828,0.58361728428,0.62548529845,0.69918850476,0.54460005428,0.45127378028,0.47706413428,0.58247317176,0.45839757476,0.53048191476,0.63609537476,0.74148525938,0.87564981713,0.76865907128,0.71191560528,0.75485887416,0.62496162476,0.60573900828,0.63935786739,0.70976228928,0.67923400476,0.62707614428,0.70208918585,0.72274169828,0.72067585828,0.65375339476,0.90991345428,1.03605293528,1.30895157676,0.98727329392,0.94190118028,0.85852032476,0.92297960376,0.85746594476,0.83986831476,0.90422536828,0.83784923095,0.82434675428,0.73900168528,0.72867223028,0.79451754828,0.80957737628,0.817603306,0.68391124828,0.78912196476,0.7440930455,0.92257386228,0.85185052098,0.73810146476,0.72560119828,0.71465820258,0.79446612476,0.81384359239,0.90202970576,0.93440357428,0.96780667845,1.02218960028,1.14904680476,1.05680994828,0.83544744828,0.94722067726,0.86838072476,0.96361702476,0.86830171828,0.84482978476,0.94031570828,0.93481844476,0.92503024476,0.89246989425,0.85851359828,0.79376524828,0.74257687928,0.77980697428,0.84861898876,0.84572192828,0.93392286828,0.94912536476,0.92394687074,0.75270591828,0.87005802628,0.82583117686,0.81086761528,0.81145912628,0.68494079828,0.82276137748,0.87993156673,0.95047924528,0.78621104476,0.8257190741801,0.68461033528,1.00390492535,0.87506375828,0.91212108108,0.98154346628,1.07304213227,1.03178457628,0.71392137198,0.60387535828,0.77528778026,0.83759699026,0.76045794578,0.76816253026,0.75082183878,0.82323826143,0.82604511478,0.70079165329
